ncols 20
nrows 100
xllcorner 0.0
yllcorner 0.0
cellsize 200.0
1.809834832456423959e-01 8.088998692597656470e-01 8.392681059508189101e-02 6.142471672272573624e-01 6.958706708354189807e-02 9.712675800156825856e-01 5.914918342378857607e-01 2.642387129865474416e-01 4.060994182793516982e-01 8.968021958720614473e-01 3.985800262419907369e-01 9.749902148628486476e-01 3.418871866589793251e-01 1.444538552612200100e-01 3.813203654759157457e-01 1.962099087948562248e-01 6.140406546931328480e-01 7.563429349653111311e-01 6.595178591752035580e-01 7.680478391615519485e-02
2.133813620566893388e-02 8.254456125534486155e-01 1.254641686318667404e-01 8.254387236021474283e-01 7.695816528344529006e-01 7.695870670835406324e-01 1.069729999866958492e+00 3.697676835887646618e-01 1.106064021412065168e+00 1.388485352725195909e+00 7.116295430919608034e-01 1.331802716716102175e+00 1.041863020704530962e+00 4.575033721111902985e-01 1.081284915127505242e+00 8.961796504118856310e-01 2.384984553279685948e-01 9.384769742579249785e-01 1.359485903338597534e+00 4.559095561962831500e-01
7.747399961122896084e-01 8.672102431092438835e-01 1.672226676708992721e-01 8.671942774068955861e-01 1.216829026462314056e+00 1.469551532812962691e+00 1.177768954486081210e+00 4.777800285622288978e-01 9.727547753928117436e-01 1.672714691431671064e+00 1.115774731524698637e+00 1.701537570825021994e+00 1.157503372111189144e+00 9.524781189417731442e-01 1.301039857020581447e+00 9.684255251444466861e-01 2.684556898037325223e-01 6.184556898037327777e-01 1.318437569573514656e+00 4.238544043699162822e-01
3.874425333874308430e-01 1.157161183799533699e+00 6.621948308848162323e-01 2.269188682504701682e-01 7.218936150810529861e-01 1.421873255721990859e+00 1.291316242044973084e+00 5.913350233537624234e-01 1.291305363216717961e+00 1.756255031067182948e+00 1.815765421085218545e+00 2.105697836250715937e+00 1.857490065881642227e+00 1.652443680053284458e+00 1.011135443063213124e+00 3.111354430632110035e-01 9.684227075796396633e-01 1.258382778965981830e+00 1.318455689803734732e+00 5.593015875462854503e-01
2.297892963251733089e-01 1.652089164103943908e+00 9.694330918180541490e-01 2.694408399966252698e-01 7.644155868272077825e-01 1.464391587285585494e+00 1.291335023353761269e+00 1.291314123679508929e+00 7.663350233537622458e-01 1.466322948627748479e+00 1.946770362754824291e+00 2.350897888044421791e+00 2.030450856172567153e+00 1.536357723924829166e+00 8.363738289754927280e-01 3.413990821449092161e-01 8.363738289754927280e-01 1.536352892921013291e+00 2.018421876934971326e+00 9.988253213500764005e-01
7.258701779544721733e-01 1.364088088964811263e+00 1.012251845065815337e+00 3.122801442919725945e-01 8.072548911225549961e-01 1.507237141507153044e+00 1.991291304673533435e+00 1.756269904923867697e+00 1.466302144916841188e+00 9.568508922368982317e-01 1.360996080669635955e+00 2.060980594611644179e+00 1.740525458677524284e+00 1.040525458677522330e+00 6.363802702447831638e-01 3.718051391383240811e-01 7.759503275710624148e-01 1.270925074401647148e+00 1.970903545167005388e+00 9.287201479155304806e-01
4.863484278130933980e-01 1.074141921423948043e+00 3.741519876457954918e-01 1.012238125153146040e+00 7.164253327247100955e-01 1.120570521157448152e+00 1.820565853755980790e+00 1.890167353582684617e+00 1.190184225570231291e+00 1.656809723062436568e+00 1.528398498886305301e+00 2.228373806957433256e+00 1.907920809211705704e+00 1.207927876894193009e+00 1.102494425781704646e+00 4.025317288297544094e-01 1.102494637830089497e+00 1.436334187419497921e+00 1.840483812933541463e+00 5.693794815915963481e-01
1.829091147604863243e-01 1.118141368538468017e+00 4.181606105881306990e-01 1.118139733137357039e+00 1.416404346514617441e+00 1.706370416877759810e+00 2.110505795884609626e+00 2.180126906264088227e+00 1.890162614605167990e+00 1.454759356676690096e+00 2.154723922605116471e+00 2.518311522735254382e+00 2.197847833048418575e+00 1.506664927675854360e+00 8.066769172624927986e-01 1.102488367667298963e+00 4.464104686862599980e-01 8.505556571189984982e-01 1.550545238123256508e+00 4.932303458237607963e-01
6.349564441547724813e-01 1.162413260671663950e+00 4.624324978304880096e-01 8.665776862632255106e-01 1.361552433093808467e+00 2.061512575579627082e+00 2.359348339177128384e+00 2.649691611018218040e+00 1.949734103507271499e+00 2.154743771581437706e+00 1.828925095354084096e+00 2.528901133631719755e+00 2.078224523911903709e+00 1.378224523911902644e+00 1.506644225909890666e+00 1.177579542933489654e+00 4.775909469093761461e-01 8.817361353421144798e-01 1.581724001080843545e+00 2.082256423730091122e-01
2.025654549495081724e-01 1.207134615461875393e+00 5.071538573804836858e-01 1.207125386134374923e+00 1.665233764080460643e+00 1.369427285491350066e+00 1.864402032321932801e+00 2.564387475392124749e+00 2.444708850337852013e+00 2.818828412251124238e+00 2.233070283786820376e+00 2.818810078581420075e+00 2.368141302289210159e+00 1.765282151336384775e+00 1.475328699340525906e+00 1.208899290112527281e+00 5.089272505818853709e-01 1.208912455258420504e+00 1.871644405039329273e+00 7.176106048408340543e-01
1.578619188060434997e-01 1.252132349542173229e+00 5.521515616378093183e-01 7.542241558541780133e-01 9.652820970586123428e-01 1.665273798946163009e+00 2.069427285491345359e+00 2.769403801537221543e+00 3.144671823391987697e+00 3.222976997560123014e+00 2.933032500786840302e+00 2.441009904079995074e+00 1.946033318047584837e+00 1.475333829504524630e+00 7.753464407652299606e-01 6.570248451032376646e-01 5.403581784365709684e-01 1.035332925267155701e+00 1.735313970458153721e+00 1.714013705609996885e-01
2.005623169598924616e-01 1.298490953254787694e+00 5.985101941350857713e-01 1.298487346744066517e+00 1.665258580245535525e+00 1.955210616518161526e+00 2.155210914608824968e+00 2.445169864908908419e+00 2.795171202610071681e+00 2.865287068458177266e+00 2.461156402630270801e+00 2.148078682810434348e+00 1.451060410418827828e+00 9.560856635882430954e-01 1.475320294688943434e+00 1.273080141728742065e+00 5.731027973173201673e-01 1.273068301886059572e+00 1.609699993764468928e+00 1.186528485066302707e-01
7.689216859274132787e-01 1.345164300827373260e+00 6.451768608017524054e-01 1.345145562897885894e+00 1.586900837852462720e+00 1.781035552773389430e+00 1.455230049405167758e+00 1.805230049405167403e+00 2.505228673529308558e+00 2.575340676798547612e+00 1.875352963087323133e+00 1.471207774654583744e+00 1.158158257804612568e+00 1.656074225047114323e+00 1.946008189248901621e+00 1.563037960166128837e+00 9.772479857500591116e-01 6.197694639839868014e-01 1.319759097898056233e+00 2.067704839017209251e-01
6.018576839230349584e-01 1.635098590081352832e+00 1.345132674395931316e+00 7.119192420489437456e-01 8.869192420489435680e-01 1.081064310727773536e+00 1.576039057558356493e+00 2.276023860545353550e+00 2.795136934748160495e+00 2.608721823779996285e+00 1.908736864804275513e+00 1.413762117973691002e+00 1.858132831521265071e+00 2.148099685092981215e+00 2.377202730897085559e+00 1.677247639231054244e+00 1.352847943660042018e+00 6.528783278728149675e-01 1.352859081646889727e+00 6.072362325871077937e-01
2.787510493090543662e-01 1.481564791184505792e+00 7.815718453636428809e-01 1.411872074364532104e+00 1.586899555864737854e+00 1.781047669304720360e+00 2.070988376963787125e+00 2.375071425340853803e+00 2.665024123563892289e+00 2.608727135542713516e+00 1.908736864804275513e+00 2.113738561250531056e+00 1.787927856651086334e+00 2.487896659418785017e+00 2.103293563006864098e+00 1.403293563006863032e+00 9.991483745741236433e-01 6.860988577241524666e-01 1.386079615492822992e+00 9.076115073590859117e-01
4.389170458619193749e-01 1.771507510198741198e+00 1.481546822545509290e+00 8.519244924317876944e-01 1.551896837697444909e+00 1.780096291645286266e+00 1.880096652821149128e+00 1.675093787223222552e+00 2.375093787223217845e+00 2.898631695900316885e+00 2.608731983346954664e+00 2.487927856651086955e+00 2.282902603481669956e+00 2.777828293988877650e+00 2.393227276980256057e+00 1.989061934484728900e+00 1.419570172289165821e+00 7.195843988505982169e-01 1.419565152685175802e+00 1.030165559999944858e-01
7.956774732520333071e-01 1.986101391016462436e+00 1.611268293931556794e+00 9.112977175093855964e-01 9.830465060532246335e-01 1.080119040392639729e+00 1.180119040392639596e+00 1.880089824538934362e+00 2.268037510128766865e+00 2.558001044573568805e+00 2.962120088016979569e+00 3.187888118391790648e+00 2.982865759532354666e+00 2.651405554465868786e+00 2.285880453176307725e+00 1.790924893588067945e+00 1.453156654810873638e+00 7.531854741022105948e-01 1.453173273366683116e+00 3.490532994493578123e-02
1.292936512959499407e-01 1.696157039677127498e+00 9.961851862721021744e-01 1.611264210802710650e+00 1.333046506053224611e+00 1.780105174558882730e+00 1.880089752713087980e+00 1.334723176897424590e+00 1.568056510230757539e+00 1.972201698663494263e+00 2.672200563591709876e+00 2.873618752285604039e+00 2.469495565436410800e+00 2.156432276312758134e+00 1.661471301755856445e+00 1.295955432872719637e+00 8.009806860421349040e-01 1.453139696590633800e+00 1.743105730127018305e+00 2.810936439602409465e-01
6.841734284590167414e-01 1.082677475122232336e+00 1.696161106388845985e+00 1.986112452512269311e+00 1.828021252883807346e+00 2.322952788402543600e+00 2.160411238508357368e+00 1.460446888316166980e+00 2.160401818469349866e+00 2.139604116880161833e+00 2.839581200273189499e+00 2.583691260207983120e+00 1.883691260207982499e+00 1.479546071775243110e+00 1.166496554925271933e+00 9.914965549252714450e-01 1.500931880537707430e+00 8.506648269112722094e-01 1.550651838154843531e+00 4.639155714634851657e-01
1.938962449904778618e-01 1.144071536473724393e+00 1.844041776213836803e+00 2.221834471232063457e+00 2.527986783575959517e+00 2.381794014204756227e+00 1.681806324527953311e+00 2.160416141954899949e+00 1.834612626993560980e+00 2.534593237569785718e+00 3.129502556369052613e+00 2.765604350966158087e+00 2.065616490188594945e+00 1.570641743358011322e+00 1.866442849057533326e+00 1.212855991137058442e+00 1.585854779806061376e+00 8.858856492911361125e-01 1.585866403627906873e+00 6.493416845356893008e-01
3.507527448823520855e-01 1.844039605451572195e+00 1.231915349193066556e+00 1.726890096023649512e+00 2.426876162550293703e+00 2.546778796053639216e+00 1.846797906804814371e+00 2.546756658240135973e+00 2.534596617041899869e+00 2.329587373824141494e+00 3.029573692616720937e+00 2.842181121239250707e+00 2.142189350007419613e+00 2.262807316549067416e+00 1.562855991137059419e+00 1.912825666971232907e+00 1.621224123467146061e+00 9.212409883504635300e-01 1.621221742573570879e+00 8.334578320704773002e-01
4.080251058651293006e-01 1.995010594650264313e+00 1.295032223619786871e+00 1.699177412052524705e+00 2.399177412052519998e+00 2.836712985184123514e+00 2.250943095237550651e+00 2.145278909702667214e+00 2.845249111839272427e+00 3.029572497491423100e+00 3.319525362975753513e+00 3.132129163607083822e+00 2.705551853020897735e+00 2.005574863560632970e+00 2.262823459300562945e+00 2.151676314032042736e+00 1.451707144040485620e+00 9.567323972099011087e-01 1.656713152922737020e+00 9.496513123696417313e-01
5.273750414908437989e-01 2.059453220412760022e+00 1.359472446872669549e+00 2.059462399123466625e+00 2.689106181483000846e+00 3.240829596864220008e+00 2.950926870470516938e+00 2.495278909702665082e+00 2.587997782126238100e+00 3.082972528956818614e+00 3.782913335136037780e+00 3.405542401742753356e+00 2.705574863560634036e+00 2.705528218975136401e+00 2.148219822893153719e+00 1.858262560160397481e+00 1.692368542830849920e+00 9.924077006105349597e-01 1.692395442844763176e+00 6.379695215441255618e-01
1.072659721135148514e-01 2.124734712206551190e+00 1.424747783449491489e+00 2.124720678992911616e+00 2.509495702919732452e+00 2.822563862755747888e+00 3.226662849177698522e+00 2.899424098135400918e+00 3.287992355323804183e+00 3.577894530127627259e+00 3.171128287332948048e+00 2.821128287332947515e+00 2.531165038455887029e+00 2.266592530163944463e+00 1.858255845679777085e+00 1.158270329231986251e+00 1.043191038118235880e+00 1.692362195352663967e+00 1.982328217648520186e+00 2.714548872190858386e-02
4.416927560527508234e-01 2.414686299955903337e+00 1.919721904434963600e+00 1.519567748056494860e+00 1.832617264906465149e+00 2.236762453339201429e+00 2.936762453339197165e+00 3.599392910338997886e+00 3.889308962525797053e+00 3.376150108652143711e+00 2.676153540502364869e+00 2.181178793671780802e+00 1.831178793671780269e+00 1.566603662565320576e+00 1.333270329231986739e+00 1.858246264069380205e+00 1.743166625969545303e+00 1.096799808792959796e+00 1.796767896234862993e+00 6.358762077288815373e-02
9.962659827820948832e-01 2.909623638039699589e+00 2.288867709934530481e+00 1.588878076064861977e+00 1.938875922306088295e+00 2.343021469698619796e+00 2.837996216529200311e+00 3.537980042598139807e+00 3.586443312628395219e+00 3.236441243868514839e+00 2.946483286665170898e+00 2.713135009446861368e+00 2.254599038511900133e+00 1.554629765443773959e+00 2.033259950177850772e+00 2.323185194557974675e+00 2.086719624468609258e+00 1.796754489487666806e+00 1.150725793896954174e+00 1.105168049628544313e-01
4.913756992721451944e-01 2.761628474526459875e+00 2.360295163452282186e+00 1.660321526896037847e+00 1.847404396234734847e+00 2.547384666705220013e+00 3.135794469786575611e+00 3.539944517051063055e+00 3.296508413396836090e+00 2.596508413396835024e+00 2.246508413396834491e+00 2.013175080063501099e+00 1.802117138859066436e+00 2.254610195768912195e+00 2.544532778806580797e+00 2.399762410405867463e+00 1.699787259377576909e+00 1.204812512546992176e+00 1.850691327386964291e+00 2.394667898569136089e-02
3.036618913988722301e-01 2.471690478232965393e+00 1.771699546680640003e+00 2.360296506758485791e+00 2.547380290981855033e+00 2.145885399132588134e+00 2.550030587565323970e+00 3.250023984498837226e+00 3.586428411093261825e+00 3.236456287820993705e+00 2.946484882917636217e+00 2.373664745508475171e+00 2.502089047742487082e+00 2.405538363008052460e+00 2.262664861218099066e+00 2.127947921584568913e+00 1.943191397973232482e+00 1.243230003543383866e+00 1.943216183191763813e+00 4.275967114894387855e-01
8.706181196182229964e-01 2.551981569238132241e+00 1.851995053535336666e+00 2.551965718939891659e+00 2.959383645683996811e+00 2.845869359658220077e+00 2.588604271556159020e+00 3.083579018386739534e+00 3.783553947045057875e+00 3.773621518306021994e+00 3.073664745508476237e+00 2.916827012430488697e+00 2.405547340161650727e+00 1.705563036830990198e+00 1.562676135168637792e+00 1.427961072357724959e+00 1.297974335633788279e+00 1.943197969828131866e+00 2.233168914846592745e+00 7.313735549582975892e-01
9.015958986452090596e-01 2.841922492515727594e+00 2.551956410951456977e+00 1.969480443696872918e+00 2.669466670521833951e+00 3.106350246623261313e+00 3.288577336151245589e+00 3.578532500645189351e+00 3.778902838598665603e+00 3.428925566553226556e+00 3.138957825395868095e+00 2.626912833406054748e+00 1.926922473042777195e+00 2.405538774527206769e+00 2.262662686347623797e+00 2.038563702276749545e+00 1.338592455356784505e+00 1.833567202187369016e+00 2.533540817396298994e+00 7.253560702189691956e-01
3.868068473365828819e-01 2.839221846627898671e+00 2.139255381222305186e+00 2.669440693836087508e+00 2.141808531067937782e+00 2.406383662174395255e+00 2.901358409004975769e+00 3.601337548630914043e+00 3.488984762813492679e+00 2.788984977564529011e+00 2.438984977564528478e+00 2.174409846458069229e+00 2.626905902360105127e+00 2.844745077934438982e+00 2.554821223474394998e+00 2.079480720302545382e+00 1.379486892005373555e+00 1.874461638835958066e+00 2.574444308570430273e+00 3.689247100342296637e-01
3.314190253004438702e-01 2.317055559022571209e+00 2.839234095824093806e+00 2.981780876812216707e+00 2.281808531067937018e+00 2.981777456955058359e+00 2.977931268823799549e+00 3.677920662995485479e+00 3.778898259001750581e+00 3.248552644432662451e+00 2.548575585135464117e+00 2.874394788850357596e+00 2.958976060086814464e+00 2.258998794503621177e+00 1.854853606070882677e+00 2.120618075520662060e+00 1.420663362593608925e+00 2.120641167880806588e+00 2.685138910743117169e+00 7.151593822223918373e-01
4.702087755942623293e-01 2.444857489107109316e+00 3.144833094378038485e+00 3.131034031523794336e+00 2.431049032516863662e+00 3.131028013760755790e+00 3.668432015497769871e+00 3.967846390374373033e+00 3.743546195348987915e+00 3.043550331966048184e+00 3.248551772192138198e+00 3.268068870189066555e+00 3.248900954803403351e+00 2.844753624900412614e+00 2.180679105891521807e+00 1.480687867393487123e+00 2.120617655425058423e+00 1.695225951787067142e+00 2.395220761770267437e+00 5.582860721267315363e-01
5.872033369516003187e-01 2.577145054660338275e+00 3.277129898309710132e+00 3.420982104118990286e+00 2.926023779347444176e+00 2.678536405932153919e+00 3.173511152762734433e+00 3.873504452638962370e+00 4.033461685391140250e+00 3.743518619517079316e+00 3.268092208914509023e+00 2.568100009336096612e+00 2.673433577409275230e+00 2.383499902501268419e+00 2.223818117847508713e+00 1.523851716511961829e+00 2.223829153135765235e+00 1.916585387998854362e+00 2.616566857325121287e+00 7.395747750686202382e-01
4.128664045055817633e-01 2.714426349257066384e+00 3.414421044387263571e+00 3.915928434009778858e+00 3.580588945660856837e+00 2.880609000148521837e+00 3.375583746979102351e+00 4.075552527237991995e+00 3.765757734825410985e+00 3.475797619223849555e+00 3.228543191378627331e+00 2.696531658796480269e+00 1.996552402686687655e+00 1.683502885836716478e+00 1.585483279954755576e+00 2.223820285421560961e+00 2.513777959632504722e+00 2.164072761414146395e+00 2.864054679379695489e+00 6.353058713663687351e-01
1.527482953944678812e-01 2.857313250919417680e+00 3.557290677518970323e+00 4.063244435317753478e+00 3.870543835774277852e+00 3.230609000148519705e+00 3.452156606797926131e+00 4.152107098016942999e+00 3.475808332186213434e+00 2.775808332186212368e+00 2.938580117114089507e+00 2.238613956754269552e+00 1.834468768321530607e+00 2.334205060174372903e+00 1.634254590955168895e+00 2.129229337785752740e+00 2.829193087542273943e+00 2.477122278264117128e+00 3.153997506596968758e+00 3.950355187749141628e-01
7.136942404490823622e-01 3.557291170587338236e+00 3.073337940866345264e+00 3.773337859970972374e+00 4.220517635266924472e+00 3.725583746979100219e+00 4.152112153342688572e+00 3.804606407621892394e+00 3.454583979106885305e+00 2.980807533250915409e+00 2.280833585355628301e+00 1.995059782030924156e+00 2.534442923790869440e+00 2.383491333686087010e+00 1.683506419086289396e+00 2.178481165916872797e+00 2.878462007130441425e+00 2.881267466696852964e+00 3.467053044516721805e+00 5.977722407627317214e-02
3.852963155708464260e-01 3.938304940801529153e+00 3.238329523143205435e+00 3.733304269973785949e+00 4.433278922951410017e+00 4.425543827195800972e+00 4.009627463043533346e+00 3.309637338189824973e+00 2.814662591359240906e+00 2.464662591359240373e+00 2.178888788034536006e+00 2.695047338413406823e+00 2.984955148153438209e+00 2.433249188167690757e+00 1.733253252902598573e+00 2.228227999733181974e+00 2.928226720420635143e+00 3.581231899716266209e+00 3.871184239867148769e+00 8.015316362308056997e-01
8.070197341211033937e-01 4.125393802119899256e+00 3.425412392481901325e+00 4.125396596931868665e+00 4.432040581297913562e+00 4.082067415399923682e+00 3.792115160568689802e+00 3.558761246004147338e+00 3.100221288426601163e+00 2.400248224246322781e+00 2.878878408186805959e+00 3.168788088429626004e+00 2.847238935728474196e+00 2.483482476297893982e+00 1.783510324005840308e+00 2.278484864060961179e+00 2.978457520790201318e+00 3.350913999458323023e+00 3.700912576425078981e+00 9.686562060726549017e-01
7.478588934525149945e-01 4.336452085947492208e+00 3.636470333686334655e+00 4.336446742458272219e+00 4.142126872199389354e+00 3.442126872199382959e+00 3.092126872199382870e+00 2.858793538866049477e+00 2.647735597661614815e+00 3.100235917631872340e+00 3.390135900893817666e+00 2.928075334090817883e+00 2.557278697183832605e+00 1.857296802743102715e+00 2.483451801640820022e+00 2.113493488559562650e+00 2.360980861974854683e+00 2.710980861974855216e+00 3.410977558517643171e+00 1.967812090109172241e-01
1.721868309579982492e-01 4.583939625251336025e+00 3.883957707101624912e+00 4.583935447369831273e+00 4.432054739891228223e+00 4.082053537170352797e+00 3.792111312734235185e+00 3.219283204311023106e+00 3.347724629254346329e+00 3.515307392325731417e+00 3.020388124231498050e+00 2.638108366616601863e+00 1.938125840429650415e+00 2.557234483066419983e+00 2.051441871421932905e+00 2.751400020095102317e+00 3.060950102726758715e+00 3.350901063763704002e+00 3.700912037285677858e+00 4.261730693777471268e-01
1.224157444480622470e-02 4.873889347405753192e+00 4.288102895534361636e+00 4.873837742110902482e+00 4.348825829638578888e+00 4.058873080988672832e+00 4.209183827588636184e+00 3.919257573059330202e+00 3.609719329274603705e+00 3.114769432834345153e+00 2.525413853535644293e+00 2.030439106705060670e+00 2.638083926053421457e+00 2.115926018229917105e+00 2.751396863108118485e+00 2.257860610038789240e+00 2.662005798471525075e+00 3.156980545302105590e+00 3.856952307735574070e+00 2.257892897179226699e-01
8.248855080589575506e-01 5.278003611569135778e+00 4.988058539686795356e+00 4.439658638089072795e+00 3.944677015348516669e+00 3.358879586030050213e+00 3.775522734385149182e+00 3.706800876789380528e+00 3.211841765118606862e+00 2.619801834280498731e+00 2.124827087449914664e+00 2.730419637902537389e+00 2.943698134473733852e+00 2.243727948314456100e+00 2.943707504028139965e+00 2.957842528520500558e+00 2.491193943372122632e+00 2.986168690202703146e+00 3.686148385134460526e+00 3.295997703015354219e-01
4.229050034636032684e-01 4.683540288494488557e+00 4.333542010263188970e+00 4.043575801910171741e+00 3.449709144427895779e+00 2.954734397597311713e+00 3.075543405750500447e+00 3.313388121637379946e+00 2.716874368619913938e+00 2.221899621789329871e+00 2.824796264540986535e+00 3.114761115320988871e+00 3.078424985438396710e+00 2.378443011125368933e+00 3.078435058764160903e+00 3.481100159360646540e+00 2.986168690202703146e+00 2.776967746696827000e+00 3.476960336692119125e+00 9.409628114095114348e-01
4.790081748370825787e-01 4.393589213214578848e+00 3.693592516602013376e+00 3.343592516602012843e+00 3.669381835346615883e+00 3.280536783644858012e+00 2.580568658919916825e+00 3.023426463624015348e+00 2.323466296804731712e+00 2.921869045833333622e+00 2.716874368619913938e+00 3.416849408376590791e+00 3.221320084016070506e+00 2.521329912787721117e+00 3.221309069555171156e+00 3.758722203850811905e+00 3.686139661908892862e+00 2.998327182908613775e+00 3.698308652179387312e+00 3.442222365344674850e-01
6.927163932720212802e-01 4.683510351372829561e+00 4.164377882005838138e+00 3.464401524755202466e+00 2.969426777924618399e+00 2.758368836720183737e+00 3.127779653567313911e+00 2.427816135754722104e+00 3.023426367166371254e+00 3.313392533293357811e+00 3.416867300820691788e+00 3.706802611894843835e+00 3.511264856574626503e+00 2.871329912787721206e+00 2.768817286203013150e+00 3.468807734709789425e+00 3.945769793045224905e+00 3.245814556323905808e+00 3.945796474361299655e+00 1.615618432908324520e-01
9.923939561592618475e-01 4.656253163339509449e+00 3.956277301159981441e+00 3.691671973937595830e+00 2.991702170053517129e+00 3.458350027490856071e+00 3.417752377315420365e+00 3.127783645039109217e+00 2.577056637203649636e+00 3.277034850286283163e+00 3.673385676015668011e+00 3.920869865425120171e+00 3.861251935259523371e+00 3.366304659618305273e+00 3.468798491842825626e+00 3.054591089527717518e+00 3.754572732535010893e+00 3.595814556323905897e+00 4.235742098949819123e+00 6.841146257120221952e-01
7.971654113548012344e-01 4.451235938558150806e+00 3.751252047990560001e+00 3.256277301159976378e+00 3.691694167660359849e+00 3.981607819385736491e+00 3.607017513298905964e+00 2.907039801757371755e+00 3.277021789948775243e+00 2.752056637203649903e+00 2.973416073415436678e+00 3.220903446830728711e+00 3.920880918670714532e+00 4.066289257902009346e+00 4.002054289211212534e+00 3.302078462943009551e+00 3.754591089527718140e+00 4.090789303154488188e+00 4.585750800213220124e+00 6.532545939349806430e-01
7.324987253985736357e-01 4.360405738259195196e+00 3.660422489592715323e+00 3.751252047990560001e+00 4.246190909679615544e+00 4.011167858897819904e+00 3.311184990190110256e+00 3.607020902073773350e+00 3.604770319919183397e+00 2.904809160368844623e+00 3.604772281957007163e+00 3.920865827653818858e+00 3.715878193661312778e+00 4.415853899399987625e+00 4.292010692845381392e+00 3.652078462943009640e+00 4.292013766298711452e+00 4.744515445830268519e+00 5.080709594855846944e+00 8.213971573925633596e-01
9.508560319370317204e-01 4.360422489592721718e+00 4.155397236423303831e+00 4.451238539207373002e+00 4.582699151759983103e+00 3.882732596839518990e+00 4.011170686825037635e+00 3.917827810235510189e+00 3.217858677218815799e+00 3.604786892215052774e+00 3.278974899046239067e+00 3.773949645876823134e+00 4.415858836071686611e+00 4.705815240422497325e+00 4.642009508838675025e+00 4.352078462943016035e+00 4.642015193603137746e+00 4.850513743263531907e+00 5.140454625589066850e+00 3.119884329636858356e-01
5.749873256771714791e-01 5.060389153910720417e+00 4.855371988760851742e+00 4.824376522283081670e+00 4.534457630644633142e+00 4.582702881477660917e+00 4.412815774165070870e+00 3.712833424049399866e+00 3.622003865651554300e+00 4.207758609640999126e+00 3.683120087478977567e+00 4.268917516043885918e+00 4.763885211209260007e+00 5.020732235635213314e+00 4.730812616912086099e+00 4.730796823879098945e+00 4.736301045015930633e+00 4.150533668083216554e+00 4.736320120670193035e+00 9.006529064214904290e-01
7.301368833716485041e-01 4.753172479537789208e+00 4.463231633325302816e+00 4.420248198651849592e+00 3.834466254108831684e+00 4.420254251204492668e+00 4.702741831623003854e+00 4.412820289167948218e+00 4.321990251007433059e+00 4.611904231705065804e+00 4.383119057099695404e+00 4.673058942289645579e+00 4.982091498460577306e+00 4.730823239898941601e+00 4.030826336215799444e+00 4.030826336215799444e+00 4.446350362798859202e+00 3.746388479650473613e+00 4.446370398028145488e+00 3.228974831991848760e-02
8.016060870898678026e-01 4.463222031577838145e+00 3.763233307984926057e+00 3.968231312159297808e+00 3.430321065676093184e+00 4.130301785640733137e+00 4.479738246647967159e+00 4.436082738183522167e+00 4.146154802993972766e+00 4.236984840777562766e+00 4.526919872939185296e+00 4.777063785843887800e+00 4.282132156642001419e+00 4.777039658653632337e+00 4.235845353966166016e+00 3.535851589385210936e+00 3.885827489468479445e+00 3.498901106235181580e+00 4.198891976795395387e+00 4.385544006219237456e-01
8.634891518411458300e-02 4.463209356475930534e+00 3.763233307984926057e+00 3.268258561154341990e+00 3.165745934569633935e+00 3.489806167803750192e+00 4.189787424949141581e+00 4.031951173907630803e+00 3.446158746516861271e+00 3.536988304914705949e+00 4.236982843833548174e+00 4.487141750920576655e+00 3.787157409811412911e+00 4.083011893721236518e+00 4.372916137094732925e+00 3.885832006383196813e+00 3.185851589385210403e+00 3.885818325555201902e+00 4.319423020741850472e+00 5.065849518544028873e-01
4.424655321574236799e-01 4.292213250996268492e+00 4.002250827296740532e+00 3.618223701287651917e+00 2.918258561154341901e+00 3.618233740039741075e+00 4.076097709700443161e+00 3.742005665045784912e+00 3.042013558084122327e+00 3.741986544836074291e+00 4.198295235628351385e+00 4.577947670719886730e+00 3.877985194459947049e+00 3.383012221378673967e+00 4.082978834360365461e+00 3.736602913369101664e+00 3.036611087936282871e+00 3.329513240550497244e+00 3.824477010891132789e+00 2.641807928620685253e-01
1.199308254734827717e-01 4.002275933256912666e+00 3.302279236445410326e+00 3.016505433120706403e+00 2.769018059705414370e+00 3.086192628735731525e+00 3.581148337793357950e+00 3.530938213120632163e+00 2.830955616879687664e+00 3.208358154850265542e+00 3.908357629322624316e+00 4.375886045044766526e+00 3.675914373992888784e+00 3.180939627162304717e+00 3.625317389070974450e+00 3.643729629782731738e+00 3.353764995097696211e+00 2.834538493719913621e+00 3.534535189749099082e+00 2.864332116561633113e-01
6.486174318373537639e-01 4.292218574672436837e+00 4.002265531340697180e+00 3.716487662155285587e+00 3.291203940902614367e+00 2.591217881905147458e+00 3.128455342030571185e+00 3.336780928096490406e+00 2.636810548200857252e+00 3.131785295031440874e+00 3.831777030348151758e+00 4.311185273817173425e+00 4.021241770492657963e+00 3.625312461757956850e+00 2.925335766993227171e+00 3.353758015982631679e+00 2.653799270896900708e+00 3.353771794502207193e+00 3.824442867851899130e+00 1.897849012769771138e-01
1.372827786125092597e-01 4.603842677333207511e+00 4.199710232503699459e+00 3.909760438011991024e+00 3.581148843190566922e+00 3.128457586003630553e+00 2.428471187663800546e+00 2.973829213277535022e+00 2.480285789775871663e+00 2.975260536606455730e+00 3.675245048387837610e+00 4.021241040523804600e+00 3.321273430925001158e+00 3.526272827401281340e+00 3.391967449452716554e+00 2.692002433659893779e+00 2.535477675234908190e+00 3.103170114120908263e+00 3.393133978109017956e+00 8.823360141059253259e-01
6.703836212698306429e-01 4.313922474483945280e+00 3.613931254073007082e+00 3.209786065640268582e+00 3.505613171083469481e+00 3.418388182762803762e+00 2.973853001131124163e+00 2.273867051159015329e+00 2.853780547451450378e+00 3.143741093143336052e+00 3.309495047246507227e+00 3.599434475370021591e+00 3.526272671282608240e+00 2.826298684094417091e+00 3.152114473062620270e+00 3.266336893848696743e+00 2.976400900557551576e+00 2.403190109681678344e+00 3.103186806367835615e+00 8.441787530336678502e-01
2.592795377565509929e-01 4.404733065636692757e+00 3.704760812470852649e+00 3.209786065640268582e+00 2.805640877207530082e+00 3.207136950677699438e+00 3.263775746323474447e+00 2.853802090786440093e+00 2.153818041559258933e+00 2.737925532979810228e+00 2.609500823804335568e+00 3.122235992106362268e+00 3.412170263789937152e+00 3.152119859479712627e+00 2.452132945417022647e+00 2.853617129833200483e+00 2.276440065222152143e+00 2.976410072876724211e+00 3.393114713491639733e+00 2.672676307080050773e-01
5.479593910289903835e-01 4.186545701367280437e+00 3.782397737081032663e+00 3.492442139708437754e+00 3.207120688797864716e+00 2.507159874309675018e+00 2.942567884820912916e+00 3.143719345047674807e+00 2.737937035998530000e+00 2.037953217154927277e+00 2.627231919956159789e+00 2.422248245879617734e+00 3.122245762480035491e+00 3.442024389177773536e+00 2.853639823787458951e+00 2.153651942519168028e+00 2.742225680023301582e+00 2.742273922734566938e+00 3.442247684475565617e+00 3.784142363929858810e-01
7.709599295062563584e-01 3.896602946849981652e+00 3.196614223137798305e+00 2.792469034705059361e+00 2.598323966026228948e+00 2.417584743203216036e+00 2.242584743203215769e+00 2.767568558530565159e+00 3.027851149424396038e+00 2.627247020431136448e+00 1.927273499049033889e+00 2.422248245879617734e+00 3.122228138532767261e+00 3.106636942891568776e+00 2.926068006092885199e+00 2.636099324025400481e+00 2.042273922734565872e+00 2.537248669565149939e+00 3.237240695302015858e+00 5.026391716574689639e-01
2.105384595931494296e-01 3.896602946854158311e+00 3.196614223137798305e+00 3.492445021118546045e+00 3.298296676924478366e+00 3.000882830366915055e+00 2.300918076536548895e+00 2.067584743203215503e+00 2.616594075805762198e+00 2.553056002737849717e+00 1.853073647448588490e+00 2.553064015732702252e+00 3.106607076726247474e+00 2.406651506174743993e+00 2.535075399984954458e+00 1.936140196633519439e+00 2.636100462730839755e+00 2.742273922734566938e+00 3.442250155897560671e+00 7.124744770323202525e-01
2.046074206371520932e-01 4.186545863889251429e+00 3.600759411570536805e+00 3.809182735255684626e+00 3.109208453402025896e+00 2.705063264969287395e+00 3.000885503196376813e+00 2.411593607548985219e+00 1.916618860718401818e+00 2.473680499992259918e+00 1.780093602528612040e+00 2.480081216088735996e+00 2.728880431930324146e+00 2.438922736661805146e+00 1.835103899525335036e+00 2.535058247661391650e+00 2.378859069057092768e+00 2.783004257489831268e+00 3.482991861119408838e+00 6.120794772114810378e-01
7.532868165701854801e-01 4.590666156379810126e+00 4.300728971407472123e+00 4.099117212232711083e+00 3.694979280299820701e+00 3.405042955166868168e+00 3.401490326037914347e+00 2.906545451529634505e+00 2.473717264969556684e+00 1.773731959056049412e+00 1.707894115290496284e+00 2.407870986306626548e+00 2.346614475133058431e+00 1.738951504761252487e+00 2.438905584309538188e+00 2.330078646355918437e+00 2.825053393186502504e+00 3.368797993496371657e+00 3.772944685127561648e+00 2.754367769058619908e-01
5.830710617992660438e-01 4.155458882391781295e+00 3.805463428847579266e+00 3.515515494834773769e+00 3.282176767601064693e+00 3.080101484371470910e+00 2.899366979974091763e+00 2.734371233708881466e+00 2.763643708805094690e+00 2.336435661620304138e+00 1.636450664459320192e+00 2.255840862627102705e+00 1.646638238485842010e+00 2.346605717003903635e+00 2.181670377184826037e+00 2.676645124015410104e+00 3.320016904058465723e+00 3.814990732260020501e+00 4.227548978636262333e+00 7.241424108842825502e-01
6.135995868527919228e-01 3.865513835335488757e+00 3.165517138908196415e+00 2.815517138908195882e+00 2.582183805574862490e+00 2.380111211358493239e+00 2.199371988535480327e+00 2.034380406258619267e+00 2.512998568729754023e+00 2.626358760833470196e+00 2.255862459921376129e+00 1.555889717188538857e+00 2.255857383728338661e+00 2.636574346312569705e+00 2.881658218734633792e+00 3.171605982774693189e+00 3.666565564180159775e+00 4.022513506800591720e+00 3.527592074705641956e+00 5.259694373153614988e-01
4.788429477628189934e-01 4.155433788037159459e+00 3.805436061398454139e+00 3.515493184008934957e+00 3.282159153633275928e+00 3.080086286252635031e+00 2.899340648878007798e+00 2.512999169919797104e+00 1.813020970046832492e+00 2.306575645996607804e+00 2.213582858944557419e+00 1.513601170655426431e+00 2.008575917486010276e+00 2.708566848135776972e+00 3.094656079549833017e+00 3.094682641802743994e+00 3.384640914908683573e+00 3.672533971417412779e+00 3.032617327875057889e+00 9.862599394986709678e-01
9.126982366937240743e-01 3.927721867272078615e+00 3.577724140454911161e+00 3.287776547837410135e+00 3.054442517327742745e+00 2.852369475696610923e+00 2.665287312212395232e+00 2.512525958768542900e+00 2.306557638830542878e+00 1.606602231429975935e+00 2.112409164464727152e+00 1.471617960582141560e+00 2.171615400849875144e+00 2.764661363789848725e+00 2.394691803013272668e+00 2.394691803013272668e+00 3.094691803013273734e+00 3.382586093207767153e+00 2.682617327875057800e+00 7.647041903912916716e-01
4.467911731467186787e-01 3.637784675050903527e+00 2.937787978442503167e+00 2.587787978442505299e+00 2.354454645109173239e+00 2.152382050892805321e+00 1.965299181554109209e+00 1.812546658388914489e+00 1.672546658388914143e+00 1.540259092835684296e+00 1.412457162751145301e+00 2.058565824431184854e+00 2.348519086164664760e+00 2.064708638459549661e+00 1.899717056182689046e+00 2.599717056182689667e+00 3.234608823056892124e+00 2.944703128667438108e+00 2.418042196768598551e+00 1.988090978779123441e-01
6.843389495003006084e-01 3.927719534381761690e+00 3.577727295381424089e+00 3.287787978442501036e+00 3.054440568362460695e+00 2.536846788203518166e+00 2.460273928384689945e+00 2.307521405219498334e+00 2.167521405219497765e+00 2.240243819221250821e+00 2.058586959658969651e+00 1.358611008904991424e+00 2.005119202715396121e+00 1.569733891628966038e+00 2.269729485919549372e+00 2.889616042784757699e+00 2.779924098139119337e+00 2.244716847232322898e+00 2.170554823353306517e+00 5.812649823475366517e-01
4.043428456942186333e-01 4.093797342304903886e+00 3.888781482932848643e+00 3.965322357782716356e+00 3.526796281864685412e+00 3.236846788203519232e+00 3.160261491999675432e+00 3.007496366125947951e+00 2.867483826858902685e+00 2.639204122406083819e+00 2.348522668596597640e+00 2.005116471102907472e+00 1.305158760522506345e+00 2.005140364931667030e+00 2.559638650136100146e+00 2.574890739162629671e+00 2.079942545461089587e+00 1.840571658799584398e+00 2.540550207906799862e+00 9.682353797801382944e-01
6.488919677114283191e-01 3.393826796708939497e+00 3.188801543539524275e+00 3.265374403358348054e+00 3.965331747872346657e+00 3.861539517804715160e+00 3.484197763369033307e+00 2.784210805933382105e+00 2.289236059102798038e+00 1.939236059102797283e+00 1.691748685687505027e+00 1.470389249475717808e+00 1.268316655259348336e+00 1.917100889543753350e+00 2.207061341171282720e+00 2.068928262735183488e+00 1.584967798630505964e+00 2.284959303350794446e+00 2.830495856336915583e+00 5.281555296285415091e-01
2.614658004199110763e-01 3.393801460762113198e+00 2.693826796708943760e+00 3.393805152363708277e+00 3.656517000376803939e+00 3.161583468558320398e+00 3.656499938468203759e+00 3.279185552763965283e+00 2.929179141604332681e+00 2.639217991320489620e+00 2.391723363122509216e+00 2.170358793539911346e+00 1.917086820142482440e+00 1.217127585570449089e+00 1.866829062954472818e+00 1.368943108683576826e+00 2.068925545615735828e+00 2.574881705921495900e+00 2.997746297424776607e+00 5.171616591740557656e-02
6.644133269578712531e-01 3.172448859497967621e+00 2.472467360497158317e+00 3.172437768346794140e+00 3.016601730352150845e+00 2.666608721727739884e+00 3.161583468558320398e+00 3.861523226642250783e+00 3.339716616081442435e+00 2.639726980357464114e+00 2.144752233526880048e+00 1.794752233526879959e+00 1.530177102420420265e+00 1.866832114414622490e+00 1.166870514467207354e+00 1.818292700807700335e+00 2.108254673646276611e+00 2.007837879194151576e+00 2.502801649022646124e+00 1.405890620078057429e-01
7.303782421745846909e-01 2.978316353073708012e+00 2.278322291818329237e+00 2.730803980331554914e+00 2.316608721727741571e+00 3.016605416019573216e+00 3.656487353082383596e+00 3.475012964839211183e+00 3.551548707232277557e+00 3.134701300259512990e+00 2.784697405492199351e+00 2.494740851804523096e+00 2.025151849251003888e+00 2.156800373513817259e+00 1.613308994128084262e+00 1.118334247297499751e+00 1.770109311517648498e+00 1.512863132363567953e+00 2.212846344109768548e+00 6.374620531299690640e-01
3.549358928155776916e-03 3.268220081367534835e+00 2.730809999954022516e+00 2.030834918403038980e+00 2.730816707002182930e+00 3.306502115404129416e+00 3.100841477493271547e+00 2.775014490125823130e+00 2.851587349944646910e+00 3.551546845218881643e+00 3.250429725300377548e+00 2.960482181547319680e+00 2.725139050483953884e+00 2.603233684617788590e+00 2.108283740958666996e+00 1.770124359321843199e+00 1.070144259939993736e+00 1.722425094848804239e+00 2.012395199658258527e+00 8.634042383265382314e-01
8.375326688429614030e-01 2.729707152493203282e+00 2.439741307340010046e+00 1.907091231695393851e+00 2.607091231695389588e+00 2.895798404418947314e+00 2.400848751448431351e+00 2.280039743295242616e+00 2.980018150613906514e+00 3.496578936328251341e+00 2.846317042386759866e+00 2.260512737158331120e+00 2.846276324895177900e+00 2.767504668685946800e+00 2.477547452898582137e+00 2.060082864654255719e+00 1.722431247334356375e+00 1.022460070709681590e+00 1.722447872477736563e+00 2.034422149306056582e-01
7.392740234190917636e-01 2.439744907135259488e+00 1.739759226388578828e+00 2.439730708951668436e+00 2.896985183476671999e+00 2.605865394544927938e+00 1.905874004617850614e+00 2.605824626022033019e+00 2.506682508198148973e+00 3.206640455595898054e+00 2.556367348662043959e+00 1.856367548725592620e+00 2.556347300127260525e+00 2.477573252939691884e+00 1.777580363461944923e+00 1.982574785942073481e+00 1.688923683554223620e+00 9.889361507269411877e-01 1.688916904761915694e+00 7.288013577139468291e-01
8.339226330329759795e-01 2.329071275270048424e+00 1.629079508282685662e+00 2.178094447090593633e+00 2.468049917849123087e+00 2.411706160227419460e+00 1.711728935939020646e+00 1.935134901548744679e+00 2.635122914672709982e+00 2.737758380694789828e+00 2.308864097897315837e+00 1.608880175310300142e+00 2.308861760991419487e+00 2.550291360774044502e+00 1.982592749897816420e+00 1.282605616631360412e+00 1.608395930137512364e+00 9.555269735337068582e-01 1.655516615736795538e+00 7.806728145773444982e-02
6.950674562866324679e-01 2.619006596846492840e+00 1.973088372628453158e+00 1.478113625797871977e+00 2.036669421186036999e+00 2.032977276812501621e+00 1.530989713116007955e+00 2.230981414127448659e+00 2.925029306458314160e+00 2.447822234105866634e+00 1.747822234105866013e+00 1.397822234105865036e+00 1.850315778037404213e+00 1.850334860690574956e+00 1.852011920333916262e+00 1.562044311560418564e+00 9.084398779539649693e-01 1.608406306061980651e+00 1.945458711060631840e+00 3.816314690783905172e-01
9.991012626524634621e-01 2.963000397750954473e+00 2.468048839999078758e+00 2.036677495271078442e+00 1.336692269560562529e+00 1.332999814383774906e+00 2.032962931413980545e+00 2.230989713116003692e+00 2.930956436999685444e+00 2.737756288733374177e+00 2.254468130857465002e+00 1.554480049123311947e+00 1.150334860690572780e+00 1.648231245052190097e+00 1.515950349476323789e+00 8.620812454566884053e-01 1.562047633649065181e+00 1.403414624784549591e+00 2.103399005397822652e+00 2.189418122809108080e-01
6.397273988966931668e-01 2.812167540349928885e+00 2.522216144381211667e+00 2.326610736010367830e+00 1.900687114695714719e+00 1.200712248830545503e+00 1.695686995661128460e+00 2.395661944931380738e+00 2.620016480371726963e+00 2.909932565678663430e+00 2.544425514390497245e+00 2.140256068196214834e+00 1.648250826952680548e+00 9.482622664742033081e-01 8.159747009209734614e-01 1.515945844591141567e+00 1.852018661217361251e+00 2.103399025503409181e+00 2.393348004239996829e+00 6.393090935689981213e-01
4.088717574270998023e-01 2.522220263907208437e+00 1.822234289038113797e+00 2.027237320035335078e+00 1.824770272450368713e+00 1.124786588594015813e+00 1.824755716332744360e+00 2.125024927587981782e+00 1.920025376201977885e+00 2.620018130423062974e+00 2.766621949629918031e+00 2.066656978681369772e+00 1.938166836543151694e+00 1.484393883827289873e+00 7.844162637076133038e-01 1.484395493298524382e+00 1.907621929317132592e+00 2.197570350297644470e+00 2.547565804268471013e+00 1.886145427161504129e-01
8.792629525876488605e-01 2.422255492266400356e+00 2.027229158866791892e+00 1.327259542207531062e+00 1.653053737732910200e+00 1.050166337869552269e+00 1.230905560692564960e+00 1.425050629371394928e+00 1.920025376201977885e+00 2.620004521355550953e+00 2.561613656221506385e+00 1.861631725511953661e+00 1.366656978681369150e+00 1.452918300569923993e+00 7.529536034593287130e-01 9.743130396711157104e-01 1.207646373004449547e+00 1.557646373004450524e+00 2.257643069234692490e+00 1.778635248985764861e-01
6.837159224838053051e-01 2.132318493949031613e+00 1.432328143904133988e+00 1.560734626192474606e+00 9.530938035301371736e-01 1.653073587292439584e+00 1.930888794653824458e+00 2.125027822571245117e+00 1.920025376201977885e+00 2.620006430644003181e+00 2.341132811540505898e+00 1.641132811540505276e+00 1.236987623107765888e+00 9.239381062577947112e-01 7.218655120414257942e-01 1.421840833607072252e+00 1.907621148547763656e+00 2.197582207368092178e+00 2.547577661773452906e+00 1.242209111759728923e-01
4.313677667512765268e-01 2.191463107525674747e+00 1.560765221363111133e+00 8.607805372547270295e-01 1.560753346805763275e+00 1.943013346092806071e+00 2.104874392995048638e+00 2.394812998539000759e+00 2.620007352657797384e+00 2.909936063275028850e+00 2.631055548261692412e+00 2.226911672550869081e+00 1.913849160185406184e+00 1.391179389768983921e+00 6.911979552377431890e-01 1.186172702068327922e+00 1.886167790129476884e+00 2.416652034748922873e+00 2.706601122336573351e+00 3.540697203066898169e-01
8.639060987883240283e-01 1.901537718689537249e+00 1.201550703457701985e+00 7.974055150249641510e-01 1.497388460734951243e+00 1.662152901077339928e+00 1.404894904953846613e+00 1.899869651784429347e+00 2.599853846901923671e+00 2.743549835894268707e+00 2.339423248647980014e+00 2.049466896533985949e+00 1.784885343433856297e+00 1.360626709373830900e+00 6.606474506047043116e-01 1.155622197435289156e+00 1.855604282267583338e+00 1.716683923232209086e+00 2.302470375670138125e+00 1.949277883124879152e-01
3.558065073467733264e-01 1.839426179348345292e+00 1.139435747798574372e+00 7.352905593658363159e-01 1.349083825568352601e+00 9.621760325302738392e-01 1.366321220963011562e+00 1.861295967793594297e+00 2.561265178427814426e+00 2.453620384188660353e+00 1.753625757080328196e+00 1.349480568647588807e+00 1.084905437541129114e+00 8.515721042077952774e-01 6.302126679960086131e-01 1.330205393054396446e+00 2.012483633177636122e+00 1.312538734799469697e+00 2.012520183067535218e+00 9.100796781708349048e-01
4.856081192913622724e-01 2.129361273190845782e+00 1.725210047324009732e+00 1.349091001945837975e+00 6.491265156803035508e-01 1.349090426069313731e+00 1.687380801916640305e+00 1.920725772735548675e+00 2.210685911436246709e+00 2.560657942392249975e+00 2.339403670844813377e+00 2.016410085224736637e+00 1.316449131957945440e+00 8.214767535803308984e-01 6.001173173685442341e-01 1.257954889366595497e+00 1.547906887292907152e+00 1.047963603693009782e+00 1.747945213402850584e+00 6.028543452328207763e-01
7.025921450716787753e-02 2.190293358010088287e+00 1.490314038741458624e+00 9.953392919108757786e-01 5.911941034781378335e-01 7.853391721569675799e-01 9.874117663733362749e-01 1.220745099706669334e+00 1.570745099706669201e+00 2.270743418309371098e+00 2.329754497044545403e+00 1.629767130445809453e+00 1.225621942013070065e+00 1.521448488792775056e+00 1.257946538272665782e+00 5.579822687885249710e-01 1.216110003403066075e+00 8.146302703596759454e-01 1.514616067196869587e+00 7.974319365063609055e-02
7.312571417451623201e-01 2.199180752246784554e+00 1.909212249130849415e+00 1.236357003177066094e+00 5.363658719789808904e-01 1.236336994456082028e+00 1.687378109535964121e+00 1.920731817773255079e+00 2.210683105302353457e+00 2.560669820807616848e+00 2.619709592747851534e+00 2.215571435674237755e+00 1.925621942013072019e+00 1.752944122391159931e+00 1.052957015619109704e+00 1.216115406846514091e+00 5.161492674618212151e-01 1.174826225597257245e+00 1.464794946772035367e+00 4.039377802163277575e-01
1.943020283264773607e-01 1.909244590874119796e+00 1.209253547431692777e+00 1.182005467230508255e+00 4.820353351795376717e-01 8.861805236122752838e-01 1.381155270442858018e+00 2.081141301222239726e+00 2.487109625322887485e+00 2.487147639414681421e+00 3.187093944131459633e+00 2.857762320106728815e+00 2.567807573657006515e+00 2.042906509280276950e+00 1.752950169384321910e+00 1.506089687079217088e+00 1.174830829684395228e+00 4.748655197384499815e-01 1.174853443945913734e+00 5.408396165304752978e-01
1.592740295007372131e-01 1.993605042159567020e+00 1.414258554828319747e+00 7.142788006011100421e-01 4.285049972764066739e-01 8.326501857091441750e-01 1.327624932539726910e+00 2.027594480785737563e+00 1.787147639414686129e+00 2.427068307154206295e+00 2.831215225221764609e+00 2.453651687797987258e+00 1.867850943957412024e+00 2.453595472913392417e+00 2.160893050209945709e+00 1.640752780909668918e+00 9.407743486202249095e-01 4.457996017896410090e-01 1.145780355192180133e+00 3.323507285862666860e-01
6.635011973962713361e-01 1.697760504332890941e+00 1.003691872751699909e+00 1.003647419857197187e+00 3.764744070391050634e-01 8.714491538696875761e-01 1.571436162498798694e+00 1.807134631787476575e+00 1.437147639414686484e+00 1.841292827847424540e+00 2.541258940691294654e+00 2.163695043365019277e+00 1.463705755524672636e+00 2.163670550467505116e+00 1.870975498573005602e+00 1.170978584121297850e+00 7.668333956885584612e-01 4.168333956885581504e-01 1.116814150230342140e+00 1.352949206601794518e-01
8.358366615112535758e-01 1.407826896415588447e+00 7.078370611844375659e-01 3.036918727517000094e-01 1.003662025433193383e+00 1.366389809843499892e+00 1.807120454271533116e+00 1.107164474860964809e+00 1.521365689484390771e+00 1.811330144997878699e+00 2.096580951671903392e+00 1.806629682204692555e+00 1.216218382109380158e+00 1.586229644966824726e+00 1.876151466103400667e+00 1.582966292326603686e+00 8.829895985834004257e-01 3.880148517528165253e-01 1.087995604906912828e+00 7.301998277223161748e-01
1.031455137508512365e-01 1.448253887507759963e+00 7.482795170298739418e-01 2.533047701992914291e-01 8.827405565652599595e-01 8.827737891389071390e-01 1.582753383269676517e+00 1.521357051826441875e+00 8.213906715362608857e-01 1.521382570722283445e+00 1.806628254441140946e+00 1.106647375192784555e+00 1.311633419568049463e+00 8.862352175556573730e-01 1.586224696183801353e+00 1.554249882979448438e+00 8.542682506882223192e-01 3.592935038576388629e-01 1.059274256984839679e+00 7.209065096794777805e-01
6.612480968142719906e-01 1.256677387957131353e+00 1.243215139235758437e+00 8.827457954923575434e-01 1.827737891389084324e-01 6.777485359694912503e-01 1.377729237192533818e+00 1.351593086564875756e+00 6.516157340108281737e-01 1.351605800981051875e+00 1.806603210798181980e+00 1.106647375192784555e+00 6.116726283621998217e-01 1.311643992401490655e+00 1.645663804768505711e+00 1.525625623074638337e+00 8.256431219843891611e-01 3.306683751538052607e-01 1.030649128215966215e+00 9.089234089706553776e-01
5.445912099458916078e-01 5.566917393930779223e-01 1.051632179049491800e+00 8.337445263873993762e-01 1.337639861979281197e-01 8.337383017581352362e-01 1.197048720421690637e+00 1.032128377156008803e+00 4.950909755858430294e-01 1.065617729880282916e+00 1.355565468072849500e+00 1.148463873706025318e+00 4.624321269132724566e-01 1.061701122831674837e+00 9.456971752132035114e-01 1.440619916873026485e+00 1.002111552503519354e+00 3.021385050459324817e-01 1.002117713029919255e+00 6.013876895079741658e-01
6.936795270051179241e-01 6.171699256249540966e-02 6.666115972798587475e-01 5.592089368350069423e-01 8.511062291794402324e-02 3.924190566729434115e-01 4.970775273851113507e-01 3.321490746047639497e-01 3.423384524206485313e-01 3.656368307342969803e-01 8.506257834927880568e-01 4.484974436135773512e-01 3.164720370733200561e-01 3.617331687763138959e-01 4.507224283826191114e-01 9.152680641407671125e-01 4.599585811357533860e-01 2.736794580595715010e-01 9.174961169661046689e-01 4.595322225369746771e-01
